Время выполнения основной части алгоритма: 6543 секунд.
Было обнаружено: 10 естественных классов.
Класс 1: 
[1, 1, 6, 5, 1, 6, 3, 5, 6, 1, 3, 5, 1, 1, 3, 5, 1, 1, 3, 5, 1, 1, 3, 5]
Содержит объекты под номерами:
0, 15, 22, 29, 31
-------
Класс 2: 
[6, 2, 2, 7, 5, 1, 1, 3, 7, 4, 4, 6, 6, 2, 2, 7, 5, 1, 1, 3, 7, 4, 4, 6]
Содержит объекты под номерами:
1, 5, 8, 9, 47
-------
Класс 3: 
[6, 2, 2, 7, 1, 1, 1, 3, 1, 1, 1, 6, 1, 1, 6, 1, 1, 6, 1, 1, 6, 4, 4, 4]
Содержит объекты под номерами:
2, 7, 30, 40, 48
-------
Класс 4: 
[5, 2, 2, 2, 5, 1, 1, 1, 5, 4, 4, 1, 2, 2, 2, 7, 1, 1, 1, 3, 7, 4, 4, 6]
Содержит объекты под номерами:
3, 11, 17, 24, 46
-------
Класс 5: 
[5, 1, 3, 5, 5, 1, 3, 5, 5, 4, 3, 5, 2, 1, 3, 5, 1, 1, 3, 5, 1, 1, 3, 5]
Содержит объекты под номерами:
4, 27, 32, 34, 41
-------
Класс 6: 
[6, 2, 2, 7, 5, 1, 1, 3, 7, 4, 4, 6, 1, 2, 2, 3, 1, 1, 1, 3, 7, 4, 4, 6]
Содержит объекты под номерами:
6, 16, 35, 36, 45
-------
Класс 7: 
[6, 2, 2, 7, 5, 1, 1, 1, 5, 4, 4, 1, 6, 2, 2, 7, 5, 1, 1, 3, 7, 4, 4, 6]
Содержит объекты под номерами:
10, 12, 37, 38, 49
-------
Класс 8: 
[2, 2, 2, 2, 1, 1, 1, 3, 1, 1, 1, 6, 1, 1, 6, 1, 1, 6, 1, 1, 6, 1, 1, 1]
Содержит объекты под номерами:
13, 20, 21, 23, 39
-------
Класс 9: 
[6, 2, 2, 7, 5, 1, 1, 3, 5, 1, 1, 3, 5, 1, 1, 3, 5, 1, 1, 3, 7, 4, 4, 6]
Содержит объекты под номерами:
14, 19, 25, 26, 44
-------
Класс 10: 
[6, 2, 2, 7, 1, 1, 1, 3, 1, 1, 1, 6, 1, 1, 1, 7, 1, 1, 1, 3, 7, 4, 4, 6]
Содержит объекты под номерами:
18, 28, 33, 42, 43
-------
