Время выполнения основной части алгоритма: 6506 секунд.
Было обнаружено: 10 естественных классов.
Класс 1: 
[6, 2, 2, 7, 5, 1, 1, 3, 5, 1, 1, 3, 5, 1, 1, 3, 5, 1, 1, 3, 7, 4, 4, 6]
Содержит объекты под номерами:
0, 10, 20, 28, 45
-------
Класс 2: 
[6, 2, 2, 7, 5, 1, 1, 3, 7, 4, 4, 6, 6, 2, 2, 7, 5, 1, 1, 3, 7, 4, 4, 6]
Содержит объекты под номерами:
1, 15, 21, 25, 33
-------
Класс 3: 
[5, 2, 2, 2, 5, 1, 1, 1, 5, 4, 4, 1, 2, 2, 2, 7, 1, 1, 1, 3, 7, 4, 4, 6]
Содержит объекты под номерами:
2, 12, 22, 39, 43
-------
Класс 4: 
[6, 2, 2, 7, 1, 1, 1, 3, 1, 1, 1, 6, 1, 1, 1, 7, 1, 1, 1, 3, 7, 4, 4, 6]
Содержит объекты под номерами:
3, 17, 18, 44, 49
-------
Класс 5: 
[1, 1, 6, 5, 1, 6, 3, 5, 6, 1, 3, 5, 1, 1, 3, 5, 1, 1, 3, 5, 1, 1, 3, 5]
Содержит объекты под номерами:
4, 13, 26, 27, 37
-------
Класс 6: 
[2, 2, 2, 2, 1, 1, 1, 3, 1, 1, 1, 6, 1, 1, 6, 1, 1, 6, 1, 1, 6, 1, 1, 1]
Содержит объекты под номерами:
5, 8, 11, 36, 41
-------
Класс 7: 
[5, 1, 3, 5, 5, 1, 3, 5, 5, 4, 3, 5, 2, 1, 3, 5, 1, 1, 3, 5, 1, 1, 3, 5]
Содержит объекты под номерами:
6, 24, 34, 46, 48
-------
Класс 8: 
[6, 2, 2, 7, 5, 1, 1, 3, 7, 4, 4, 6, 1, 2, 2, 3, 1, 1, 1, 3, 7, 4, 4, 6]
Содержит объекты под номерами:
7, 14, 30, 35, 38
-------
Класс 9: 
[6, 2, 2, 7, 5, 1, 1, 1, 5, 4, 4, 1, 6, 2, 2, 7, 5, 1, 1, 3, 7, 4, 4, 6]
Содержит объекты под номерами:
9, 19, 23, 29, 42
-------
Класс 10: 
[6, 2, 2, 7, 1, 1, 1, 3, 1, 1, 1, 6, 1, 1, 6, 1, 1, 6, 1, 1, 6, 4, 4, 4]
Содержит объекты под номерами:
16, 31, 32, 40, 47
-------
