Время выполнения основной части алгоритма: 4347 секунд.
Было обнаружено: 10 естественных классов.
Класс 1: 
[6, 2, 2, 7, 1, 1, 1, 3, 1, 1, 1, 6, 1, 1, 6, 1, 1, 6, 1, 1, 6, 4, 4, 4]
Содержит объекты под номерами:
0, 2, 5, 25, 39, 57
-------
Класс 2: 
[2, 2, 2, 2, 1, 1, 1, 3, 1, 1, 1, 6, 1, 1, 6, 1, 1, 6, 1, 1, 6, 1, 1, 1]
Содержит объекты под номерами:
1, 17, 30, 46, 53, 54
-------
Класс 3: 
[6, 2, 2, 7, 1, 1, 1, 3, 1, 1, 1, 6, 1, 1, 1, 7, 1, 1, 1, 3, 7, 4, 4, 6]
Содержит объекты под номерами:
3, 10, 19, 35, 51, 56
-------
Класс 4: 
[6, 2, 2, 7, 5, 1, 1, 1, 5, 4, 4, 1, 6, 2, 2, 7, 5, 1, 1, 3, 7, 4, 4, 6]
Содержит объекты под номерами:
4, 11, 20, 34, 41, 50
-------
Класс 5: 
[5, 2, 2, 2, 5, 1, 1, 1, 5, 4, 4, 1, 2, 2, 2, 7, 1, 1, 1, 3, 7, 4, 4, 6]
Содержит объекты под номерами:
6, 8, 9, 33, 37, 52
-------
Класс 6: 
[6, 2, 2, 7, 5, 1, 1, 3, 7, 4, 4, 6, 1, 2, 2, 3, 1, 1, 1, 3, 7, 4, 4, 6]
Содержит объекты под номерами:
7, 21, 26, 32, 36, 44
-------
Класс 7: 
[6, 2, 2, 7, 5, 1, 1, 3, 5, 1, 1, 3, 5, 1, 1, 3, 5, 1, 1, 3, 7, 4, 4, 6]
Содержит объекты под номерами:
12, 15, 45, 47, 55, 59
-------
Класс 8: 
[6, 2, 2, 7, 5, 1, 1, 3, 7, 4, 4, 6, 6, 2, 2, 7, 5, 1, 1, 3, 7, 4, 4, 6]
Содержит объекты под номерами:
13, 18, 23, 29, 42, 58
-------
Класс 9: 
[1, 1, 6, 5, 1, 6, 3, 5, 6, 1, 3, 5, 1, 1, 3, 5, 1, 1, 3, 5, 1, 1, 3, 5]
Содержит объекты под номерами:
14, 22, 28, 31, 43, 49
-------
Класс 10: 
[5, 1, 3, 5, 5, 1, 3, 5, 5, 4, 3, 5, 2, 1, 3, 5, 1, 1, 3, 5, 1, 1, 3, 5]
Содержит объекты под номерами:
16, 24, 27, 38, 40, 48
-------
