Время выполнения основной части алгоритма: 6170 секунд.
Было обнаружено: 10 естественных классов.
Класс 1: 
[1, 1, 6, 5, 1, 6, 3, 5, 6, 1, 3, 5, 1, 1, 3, 5, 1, 1, 3, 5, 1, 1, 3, 5]
Содержит объекты под номерами:
0, 15, 24, 33, 41
-------
Класс 2: 
[6, 2, 2, 7, 5, 1, 1, 3, 7, 4, 4, 6, 6, 2, 2, 7, 5, 1, 1, 3, 7, 4, 4, 6]
Содержит объекты под номерами:
1, 3, 5, 14, 46
-------
Класс 3: 
[6, 2, 2, 7, 5, 1, 1, 1, 5, 4, 4, 1, 6, 2, 2, 7, 5, 1, 1, 3, 7, 4, 4, 6]
Содержит объекты под номерами:
2, 10, 31, 32, 42
-------
Класс 4: 
[6, 2, 2, 7, 1, 1, 1, 3, 1, 1, 1, 6, 1, 1, 1, 7, 1, 1, 1, 3, 7, 4, 4, 6]
Содержит объекты под номерами:
4, 9, 16, 20, 37
-------
Класс 5: 
[5, 1, 3, 5, 5, 1, 3, 5, 5, 4, 3, 5, 2, 1, 3, 5, 1, 1, 3, 5, 1, 1, 3, 5]
Содержит объекты под номерами:
6, 18, 26, 30, 36
-------
Класс 6: 
[6, 2, 2, 7, 5, 1, 1, 3, 7, 4, 4, 6, 1, 2, 2, 3, 1, 1, 1, 3, 7, 4, 4, 6]
Содержит объекты под номерами:
7, 17, 19, 34, 43
-------
Класс 7: 
[6, 2, 2, 7, 5, 1, 1, 3, 5, 1, 1, 3, 5, 1, 1, 3, 5, 1, 1, 3, 7, 4, 4, 6]
Содержит объекты под номерами:
8, 21, 38, 39, 40
-------
Класс 8: 
[2, 2, 2, 2, 1, 1, 1, 3, 1, 1, 1, 6, 1, 1, 6, 1, 1, 6, 1, 1, 6, 1, 1, 1]
Содержит объекты под номерами:
11, 25, 28, 44, 49
-------
Класс 9: 
[6, 2, 2, 7, 1, 1, 1, 3, 1, 1, 1, 6, 1, 1, 6, 1, 1, 6, 1, 1, 6, 4, 4, 4]
Содержит объекты под номерами:
12, 23, 35, 45, 47
-------
Класс 10: 
[5, 2, 2, 2, 5, 1, 1, 1, 5, 4, 4, 1, 2, 2, 2, 7, 1, 1, 1, 3, 7, 4, 4, 6]
Содержит объекты под номерами:
13, 22, 27, 29, 48
-------
