Время выполнения основной части алгоритма: 1738 секунд.
Было обнаружено: 60 естественных классов.
Класс 1: 
[2, 3, 5, 0, 4, 6, 7, 7, 4, 4, 1, 2, 7, 2, 7, 6, 3, 4, 5, 1, 3, 4, 5, 3]
Содержит объекты под номерами:
0
-------
Класс 2: 
[3, 6, 5, 0, 7, 2, 3, 1, 6, 4, 6, 2, 2, 2, 1, 4, 1, 4, 1, 7, 4, 7, 3, 5]
Содержит объекты под номерами:
1
-------
Класс 3: 
[3, 5, 7, 6, 3, 6, 5, 7, 3, 5, 3, 4, 1, 3, 6, 6, 6, 3, 4, 1, 2, 1, 4, 6]
Содержит объекты под номерами:
2
-------
Класс 4: 
[2, 3, 3, 7, 2, 2, 3, 6, 2, 3, 6, 6, 4, 6, 4, 2, 7, 7, 4, 2, 0, 1, 1, 6]
Содержит объекты под номерами:
3
-------
Класс 5: 
[2, 3, 3, 6, 3, 0, 3, 0, 1, 2, 6, 0, 1, 7, 4, 3, 4, 5, 6, 2, 5, 7, 3, 3]
Содержит объекты под номерами:
4
-------
Класс 6: 
[4, 0, 1, 1, 1, 3, 6, 6, 2, 6, 5, 7, 0, 1, 6, 5, 1, 4, 7, 2, 5, 4, 5, 1]
Содержит объекты под номерами:
5
-------
Класс 7: 
[1, 4, 1, 1, 1, 3, 3, 3, 1, 6, 7, 4, 3, 4, 5, 2, 7, 5, 0, 5, 2, 3, 1, 6]
Содержит объекты под номерами:
6
-------
Класс 8: 
[1, 5, 4, 0, 2, 7, 4, 2, 1, 6, 4, 1, 1, 2, 1, 1, 7, 6, 6, 3, 4, 0, 4, 1]
Содержит объекты под номерами:
7
-------
Класс 9: 
[5, 3, 1, 7, 5, 2, 2, 2, 4, 7, 5, 7, 5, 4, 2, 4, 5, 6, 3, 4, 1, 6, 2, 6]
Содержит объекты под номерами:
8
-------
Класс 10: 
[5, 3, 6, 4, 1, 4, 7, 1, 7, 7, 4, 3, 2, 4, 1, 5, 6, 4, 5, 3, 4, 2, 5, 2]
Содержит объекты под номерами:
9
-------
Класс 11: 
[3, 3, 3, 7, 2, 4, 2, 5, 1, 6, 1, 4, 4, 6, 7, 5, 7, 6, 2, 0, 1, 7, 1, 4]
Содержит объекты под номерами:
10
-------
Класс 12: 
[5, 6, 4, 7, 0, 7, 7, 0, 3, 0, 2, 6, 4, 1, 3, 4, 3, 3, 3, 3, 6, 4, 2, 4]
Содержит объекты под номерами:
11
-------
Класс 13: 
[5, 0, 4, 6, 0, 0, 3, 4, 4, 2, 1, 1, 1, 7, 6, 0, 3, 1, 3, 7, 6, 3, 4, 4]
Содержит объекты под номерами:
12
-------
Класс 14: 
[7, 1, 3, 6, 6, 7, 4, 3, 2, 7, 4, 2, 1, 3, 5, 7, 3, 4, 5, 0, 4, 3, 2, 2]
Содержит объекты под номерами:
13
-------
Класс 15: 
[1, 3, 2, 5, 1, 5, 0, 3, 6, 2, 5, 5, 2, 7, 6, 7, 5, 6, 4, 1, 3, 7, 5, 3]
Содержит объекты под номерами:
14
-------
Класс 16: 
[7, 3, 7, 7, 4, 3, 2, 6, 6, 4, 6, 3, 1, 5, 5, 3, 2, 6, 6, 2, 6, 2, 5, 3]
Содержит объекты под номерами:
15
-------
Класс 17: 
[1, 6, 6, 5, 3, 6, 4, 0, 1, 4, 6, 5, 1, 4, 2, 2, 3, 4, 4, 4, 2, 3, 4, 1]
Содержит объекты под номерами:
16
-------
Класс 18: 
[3, 1, 5, 3, 6, 6, 0, 6, 7, 6, 5, 3, 5, 3, 4, 7, 1, 3, 4, 2, 3, 5, 2, 1]
Содержит объекты под номерами:
17
-------
Класс 19: 
[4, 3, 2, 4, 6, 2, 0, 1, 4, 1, 6, 4, 5, 5, 4, 4, 2, 7, 5, 6, 6, 4, 6, 1]
Содержит объекты под номерами:
18
-------
Класс 20: 
[3, 3, 1, 5, 1, 4, 4, 7, 3, 7, 5, 6, 4, 4, 7, 6, 5, 4, 1, 5, 7, 2, 1, 2]
Содержит объекты под номерами:
19
-------
Класс 21: 
[2, 1, 3, 4, 3, 3, 4, 1, 4, 6, 4, 3, 6, 4, 4, 6, 7, 6, 5, 7, 2, 1, 5, 5]
Содержит объекты под номерами:
20
-------
Класс 22: 
[5, 3, 4, 5, 2, 6, 3, 6, 1, 2, 7, 4, 3, 7, 5, 0, 6, 2, 2, 0, 7, 7, 2, 2]
Содержит объекты под номерами:
21
-------
Класс 23: 
[1, 0, 1, 7, 5, 6, 5, 1, 3, 2, 2, 6, 7, 4, 2, 2, 7, 6, 4, 6, 4, 4, 1, 3]
Содержит объекты под номерами:
22
-------
Класс 24: 
[4, 4, 7, 2, 3, 6, 3, 1, 4, 7, 4, 4, 5, 3, 5, 3, 2, 4, 2, 5, 2, 4, 1, 1]
Содержит объекты под номерами:
23
-------
Класс 25: 
[1, 0, 1, 1, 6, 7, 1, 6, 7, 1, 6, 3, 3, 2, 1, 1, 2, 2, 5, 6, 0, 0, 1, 7]
Содержит объекты под номерами:
24
-------
Класс 26: 
[5, 2, 2, 2, 5, 1, 2, 3, 6, 6, 2, 4, 2, 2, 2, 2, 4, 5, 4, 6, 2, 4, 5, 6]
Содержит объекты под номерами:
25
-------
Класс 27: 
[4, 5, 0, 1, 2, 7, 6, 3, 4, 2, 3, 1, 3, 5, 7, 2, 3, 4, 5, 5, 2, 0, 3, 6]
Содержит объекты под номерами:
26
-------
Класс 28: 
[3, 1, 7, 6, 4, 2, 7, 1, 7, 1, 2, 5, 3, 7, 7, 5, 3, 7, 6, 1, 7, 1, 2, 6]
Содержит объекты под номерами:
27
-------
Класс 29: 
[6, 5, 4, 5, 5, 6, 2, 6, 4, 3, 5, 1, 6, 2, 2, 7, 4, 2, 2, 1, 3, 3, 7, 7]
Содержит объекты под номерами:
28
-------
Класс 30: 
[3, 5, 5, 2, 3, 5, 2, 0, 1, 7, 4, 5, 3, 7, 1, 2, 6, 2, 7, 6, 2, 2, 3, 6]
Содержит объекты под номерами:
29
-------
Класс 31: 
[3, 2, 3, 3, 5, 3, 2, 2, 2, 5, 6, 7, 6, 2, 2, 5, 5, 7, 7, 4, 7, 4, 2, 7]
Содержит объекты под номерами:
30
-------
Класс 32: 
[7, 7, 3, 1, 2, 5, 3, 7, 2, 3, 3, 1, 4, 4, 7, 3, 1, 5, 6, 6, 0, 2, 3, 6]
Содержит объекты под номерами:
31
-------
Класс 33: 
[2, 1, 4, 7, 3, 1, 1, 4, 2, 3, 2, 1, 4, 1, 4, 4, 3, 7, 6, 6, 3, 2, 1, 7]
Содержит объекты под номерами:
32
-------
Класс 34: 
[5, 7, 7, 1, 2, 4, 6, 2, 4, 5, 3, 7, 2, 6, 3, 6, 4, 7, 6, 3, 5, 7, 0, 5]
Содержит объекты под номерами:
33
-------
Класс 35: 
[4, 5, 3, 5, 6, 1, 1, 6, 2, 4, 7, 1, 5, 1, 7, 4, 2, 2, 5, 4, 2, 2, 3, 5]
Содержит объекты под номерами:
34
-------
Класс 36: 
[7, 4, 5, 6, 3, 0, 6, 7, 6, 1, 2, 0, 1, 2, 6, 2, 6, 2, 2, 5, 6, 3, 2, 5]
Содержит объекты под номерами:
35
-------
Класс 37: 
[3, 4, 4, 2, 7, 2, 4, 4, 6, 6, 1, 1, 2, 6, 1, 3, 5, 4, 3, 1, 1, 1, 7, 7]
Содержит объекты под номерами:
36
-------
Класс 38: 
[3, 5, 3, 4, 4, 7, 5, 1, 3, 2, 7, 2, 6, 3, 6, 0, 2, 2, 6, 6, 7, 7, 6, 4]
Содержит объекты под номерами:
37
-------
Класс 39: 
[4, 5, 6, 6, 4, 7, 6, 6, 4, 4, 6, 3, 5, 3, 3, 7, 3, 3, 0, 2, 5, 4, 2, 7]
Содержит объекты под номерами:
38
-------
Класс 40: 
[7, 0, 7, 5, 2, 3, 2, 4, 1, 3, 1, 3, 5, 6, 3, 6, 2, 7, 1, 3, 6, 2, 7, 2]
Содержит объекты под номерами:
39
-------
Класс 41: 
[3, 1, 1, 6, 7, 6, 6, 2, 1, 3, 2, 1, 7, 3, 3, 6, 2, 6, 3, 2, 6, 2, 1, 2]
Содержит объекты под номерами:
40
-------
Класс 42: 
[3, 4, 5, 7, 6, 0, 3, 2, 3, 3, 1, 7, 7, 4, 7, 4, 3, 2, 7, 6, 1, 2, 5, 3]
Содержит объекты под номерами:
41
-------
Класс 43: 
[4, 5, 7, 3, 5, 4, 3, 0, 1, 1, 4, 5, 6, 2, 2, 6, 7, 3, 7, 1, 3, 6, 4, 1]
Содержит объекты под номерами:
42
-------
Класс 44: 
[4, 0, 6, 1, 7, 2, 7, 4, 6, 0, 6, 7, 1, 4, 7, 6, 5, 1, 2, 5, 1, 6, 2, 4]
Содержит объекты под номерами:
43
-------
Класс 45: 
[0, 6, 1, 3, 2, 6, 5, 7, 5, 0, 2, 6, 5, 1, 5, 1, 7, 2, 5, 5, 3, 4, 7, 5]
Содержит объекты под номерами:
44
-------
Класс 46: 
[7, 7, 3, 5, 4, 3, 4, 7, 5, 1, 4, 5, 7, 6, 7, 7, 6, 2, 7, 2, 3, 6, 4, 4]
Содержит объекты под номерами:
45
-------
Класс 47: 
[7, 3, 3, 1, 5, 7, 2, 5, 3, 7, 2, 7, 2, 6, 5, 7, 2, 5, 3, 5, 3, 5, 3, 6]
Содержит объекты под номерами:
46
-------
Класс 48: 
[2, 3, 0, 1, 7, 5, 4, 2, 0, 7, 6, 2, 4, 7, 5, 0, 1, 5, 1, 1, 6, 6, 5, 4]
Содержит объекты под номерами:
47
-------
Класс 49: 
[4, 1, 3, 7, 6, 3, 4, 0, 6, 4, 2, 6, 6, 1, 7, 6, 2, 5, 2, 1, 4, 3, 3, 5]
Содержит объекты под номерами:
48
-------
Класс 50: 
[7, 7, 4, 7, 2, 0, 5, 5, 3, 3, 1, 6, 3, 4, 3, 1, 1, 4, 2, 7, 7, 3, 1, 5]
Содержит объекты под номерами:
49
-------
Класс 51: 
[5, 4, 4, 3, 7, 7, 5, 7, 1, 7, 7, 7, 6, 3, 6, 1, 6, 4, 3, 2, 0, 1, 6, 6]
Содержит объекты под номерами:
50
-------
Класс 52: 
[2, 1, 5, 7, 1, 7, 2, 6, 2, 6, 7, 6, 0, 5, 5, 4, 4, 4, 6, 5, 5, 3, 0, 3]
Содержит объекты под номерами:
51
-------
Класс 53: 
[4, 7, 5, 4, 6, 6, 0, 1, 4, 2, 6, 1, 2, 7, 2, 2, 2, 2, 5, 5, 4, 4, 2, 6]
Содержит объекты под номерами:
52
-------
Класс 54: 
[2, 4, 1, 3, 1, 0, 4, 4, 2, 3, 5, 2, 6, 1, 1, 7, 1, 4, 6, 6, 3, 4, 3, 7]
Содержит объекты под номерами:
53
-------
Класс 55: 
[0, 5, 4, 3, 2, 0, 6, 1, 2, 2, 1, 6, 1, 0, 3, 4, 4, 1, 2, 4, 7, 6, 6, 1]
Содержит объекты под номерами:
54
-------
Класс 56: 
[3, 4, 0, 1, 1, 7, 4, 7, 4, 2, 5, 2, 7, 7, 2, 3, 4, 1, 5, 2, 6, 3, 1, 4]
Содержит объекты под номерами:
55
-------
Класс 57: 
[0, 4, 5, 5, 2, 2, 5, 7, 4, 1, 1, 6, 4, 3, 3, 5, 2, 2, 3, 4, 3, 3, 6, 6]
Содержит объекты под номерами:
56
-------
Класс 58: 
[4, 6, 4, 4, 4, 4, 3, 5, 7, 2, 1, 1, 5, 3, 1, 5, 6, 2, 7, 0, 6, 2, 1, 2]
Содержит объекты под номерами:
57
-------
Класс 59: 
[6, 1, 1, 5, 1, 4, 6, 3, 7, 5, 5, 2, 3, 5, 1, 6, 2, 1, 6, 2, 6, 7, 3, 6]
Содержит объекты под номерами:
58
-------
Класс 60: 
[7, 7, 4, 5, 6, 7, 4, 2, 3, 4, 5, 7, 3, 5, 6, 4, 7, 2, 5, 7, 1, 4, 0, 4]
Содержит объекты под номерами:
59
-------
