Время выполнения основной части алгоритма: 19959 секунд.
Было обнаружено: 10 естественных классов.
Класс 1: 
[6, 2, 2, 7, 5, 1, 1, 3, 7, 4, 4, 6, 6, 2, 2, 7, 5, 1, 1, 3, 7, 4, 4, 6]
Содержит объекты под номерами:
0, 6, 19, 27, 49, 56
-------
Класс 2: 
[6, 2, 2, 7, 5, 1, 1, 3, 5, 1, 1, 3, 5, 1, 1, 3, 5, 1, 1, 3, 7, 4, 4, 6]
Содержит объекты под номерами:
1, 5, 8, 28, 29, 44
-------
Класс 3: 
[6, 2, 2, 7, 5, 1, 1, 3, 7, 4, 4, 6, 1, 2, 2, 3, 1, 1, 1, 3, 7, 4, 4, 6]
Содержит объекты под номерами:
2, 17, 36, 40, 42, 54
-------
Класс 4: 
[6, 2, 2, 7, 1, 1, 1, 3, 1, 1, 1, 6, 1, 1, 1, 7, 1, 1, 1, 3, 7, 4, 4, 6]
Содержит объекты под номерами:
3, 13, 14, 33, 57, 58
-------
Класс 5: 
[1, 1, 6, 5, 1, 6, 3, 5, 6, 1, 3, 5, 1, 1, 3, 5, 1, 1, 3, 5, 1, 1, 3, 5]
Содержит объекты под номерами:
4, 7, 9, 34, 43, 50
-------
Класс 6: 
[5, 1, 3, 5, 5, 1, 3, 5, 5, 4, 3, 5, 2, 1, 3, 5, 1, 1, 3, 5, 1, 1, 3, 5]
Содержит объекты под номерами:
10, 16, 18, 21, 55, 59
-------
Класс 7: 
[6, 2, 2, 7, 1, 1, 1, 3, 1, 1, 1, 6, 1, 1, 6, 1, 1, 6, 1, 1, 6, 4, 4, 4]
Содержит объекты под номерами:
11, 12, 31, 38, 39, 53
-------
Класс 8: 
[2, 2, 2, 2, 1, 1, 1, 3, 1, 1, 1, 6, 1, 1, 6, 1, 1, 6, 1, 1, 6, 1, 1, 1]
Содержит объекты под номерами:
15, 20, 24, 45, 46, 48
-------
Класс 9: 
[5, 2, 2, 2, 5, 1, 1, 1, 5, 4, 4, 1, 2, 2, 2, 7, 1, 1, 1, 3, 7, 4, 4, 6]
Содержит объекты под номерами:
22, 23, 41, 47, 51, 52
-------
Класс 10: 
[6, 2, 2, 7, 5, 1, 1, 1, 5, 4, 4, 1, 6, 2, 2, 7, 5, 1, 1, 3, 7, 4, 4, 6]
Содержит объекты под номерами:
25, 26, 30, 32, 35, 37
-------
