Было обнаружено: 10 естественных классов.
Класс 1: 
(6, 2, 2, 7, 5, 1, 1, 3, 7, 4, 4, 6, 6, 2, 2, 7, 5, 1, 1, 3, 7, 4, 4, 6)
/‾‾\
⎸··⎹
\__/
/‾‾\
⎸··⎹
\__/
Содержит 40 объектов под номерами:
0, 11, 13, 15, 22, 24, 27, 42, 63, 67, 72, 73, 78, 81, 135, 137, 154, 157, 159, 160, 161, 164, 180, 182, 205, 207, 219, 228, 237, 258, 262, 278, 324, 325, 330, 337, 349, 353, 362, 378
-------
Класс 2: 
(6, 2, 2, 7, 5, 1, 1, 1, 5, 4, 4, 1, 6, 2, 2, 7, 5, 1, 1, 3, 7, 4, 4, 6)
/‾‾\
⎸···
⎸__·
/‾‾\
⎸··⎹
\__/
Содержит 40 объектов под номерами:
1, 21, 43, 61, 68, 76, 80, 101, 104, 106, 110, 111, 119, 129, 147, 150, 155, 158, 170, 181, 188, 189, 195, 196, 197, 199, 232, 236, 241, 269, 275, 283, 306, 322, 327, 339, 340, 361, 367, 379
-------
Класс 3: 
(2, 2, 2, 2, 1, 1, 1, 3, 1, 1, 1, 6, 1, 1, 6, 1, 1, 6, 1, 1, 6, 1, 1, 1)
‾‾‾‾
···⎹
···/
··/·
·/··
/···
Содержит 40 объектов под номерами:
2, 26, 30, 38, 41, 48, 52, 53, 65, 82, 83, 93, 98, 118, 130, 139, 141, 143, 156, 185, 211, 220, 239, 240, 249, 259, 276, 285, 288, 295, 299, 312, 354, 358, 360, 368, 376, 384, 396, 398
-------
Класс 4: 
(1, 1, 6, 5, 1, 6, 3, 5, 6, 1, 3, 5, 1, 1, 3, 5, 1, 1, 3, 5, 1, 1, 3, 5)
··/⎸
·/⎹⎸
/·⎹⎸
··⎹⎸
··⎹⎸
··⎹⎸
Содержит 40 объектов под номерами:
3, 19, 23, 59, 64, 69, 84, 103, 107, 112, 125, 138, 149, 153, 165, 167, 171, 186, 191, 213, 216, 217, 248, 252, 257, 263, 265, 270, 271, 284, 289, 304, 305, 314, 321, 338, 355, 381, 385, 399
-------
Класс 5: 
(6, 2, 2, 7, 5, 1, 1, 3, 7, 4, 4, 6, 1, 2, 2, 3, 1, 1, 1, 3, 7, 4, 4, 6)
/‾‾\
⎸··⎹
\__/
·‾‾⎹
···⎹
\__/
Содержит 40 объектов под номерами:
4, 36, 54, 58, 60, 71, 75, 102, 108, 122, 126, 132, 133, 136, 151, 162, 163, 168, 169, 175, 179, 209, 210, 223, 229, 238, 254, 256, 264, 280, 300, 319, 323, 328, 329, 341, 350, 364, 370, 386
-------
Класс 6: 
(5, 1, 3, 5, 5, 1, 3, 5, 5, 4, 3, 5, 2, 1, 3, 5, 1, 1, 3, 5, 1, 1, 3, 5)
⎸·⎹⎸
⎸·⎹⎸
⎸_⎹⎸
‾·⎹⎸
··⎹⎸
··⎹⎸
Содержит 40 объектов под номерами:
5, 35, 37, 45, 57, 85, 88, 89, 96, 114, 115, 116, 134, 144, 166, 194, 202, 214, 215, 218, 221, 235, 242, 244, 250, 282, 290, 294, 297, 302, 303, 310, 333, 335, 342, 344, 345, 356, 375, 391
-------
Класс 7: 
(6, 2, 2, 7, 1, 1, 1, 3, 1, 1, 1, 6, 1, 1, 1, 7, 1, 1, 1, 3, 7, 4, 4, 6)
/‾‾\
···⎹
···/
···\
···⎹
\__/
Содержит 40 объектов под номерами:
6, 8, 9, 14, 17, 25, 32, 56, 62, 74, 100, 109, 121, 123, 124, 142, 173, 178, 200, 208, 227, 230, 251, 260, 267, 286, 307, 309, 311, 317, 326, 332, 336, 346, 347, 348, 351, 372, 380, 395
-------
Класс 8: 
(6, 2, 2, 7, 1, 1, 1, 3, 1, 1, 1, 6, 1, 1, 6, 1, 1, 6, 1, 1, 6, 4, 4, 4)
/‾‾\
···⎹
···/
··/·
·/··
/___
Содержит 40 объектов под номерами:
7, 31, 39, 40, 44, 49, 50, 51, 66, 70, 77, 79, 86, 95, 145, 146, 172, 190, 222, 243, 245, 261, 266, 279, 291, 293, 296, 301, 315, 331, 334, 343, 352, 365, 369, 371, 374, 383, 390, 394
-------
Класс 9: 
(6, 2, 2, 7, 5, 1, 1, 3, 5, 1, 1, 3, 5, 1, 1, 3, 5, 1, 1, 3, 7, 4, 4, 6)
/‾‾\
⎸··⎹
⎸··⎹
⎸··⎹
⎸··⎹
\__/
Содержит 40 объектов под номерами:
10, 16, 20, 28, 33, 34, 46, 55, 90, 91, 94, 97, 120, 128, 131, 140, 148, 152, 174, 176, 177, 192, 201, 204, 224, 231, 246, 247, 255, 268, 277, 287, 298, 318, 320, 363, 373, 382, 389, 392
-------
Класс 10: 
(5, 2, 2, 2, 5, 1, 1, 1, 5, 4, 4, 1, 2, 2, 2, 7, 1, 1, 1, 3, 7, 4, 4, 6)
⎸‾‾‾
⎸···
⎸__·
‾‾‾\
···⎹
\__/
Содержит 40 объектов под номерами:
12, 18, 29, 47, 87, 92, 99, 105, 113, 117, 127, 183, 184, 187, 193, 198, 203, 206, 212, 225, 226, 233, 234, 253, 272, 273, 274, 281, 292, 308, 313, 316, 357, 359, 366, 377, 387, 388, 393, 397
-------
